1.515095471064080630e+04 1.515158267817858359e+04
1.515325738552829534e+04 1.515451353751509305e+04
1.515597917977650468e+04 1.515765437307238426e+04
1.515870146290728735e+04 1.516058640689241111e+04
1.516540455090683281e+04 1.516603311735275201e+04
1.516770942191231916e+04 1.516812852700175608e+04
1.517190099396589903e+04 1.517211060297218683e+04
1.517546474093911274e+04 1.517567439918072523e+04
1.518175574835177031e+04 1.518196549350746318e+04
1.520484509617136428e+04 1.520505516032038940e+04
1.521009757063830148e+04 1.521093813491802939e+04
1.521303974885304342e+04 1.521346010648300580e+04
1.521577228107583323e+04 1.521598249619053968e+04
1.521619271420949553e+04 1.521682338569225794e+04
1.521850530410992906e+04 1.521892581276085002e+04
1.522796955969111696e+04 1.522839032985269660e+04
1.523407186510582869e+04 1.523449280388270017e+04
1.523680817507036772e+04 1.523701868080869826e+04
1.523722918945529091e+04 1.523786073284505983e+04
1.523828177631366270e+04 1.523849230241068653e+04
1.523870283141625623e+04 1.523891336333040999e+04
1.525007571802139682e+04 1.525049709900714515e+04
1.529311660872981884e+04 1.529353917899575572e+04
1.529607484580310120e+04 1.529670882819177314e+04
1.530178163336163925e+04 1.530241585228179611e+04
1.530326151839927115e+04 1.530347294223080826e+04
1.530622171786181934e+04 1.530706759430501006e+04
1.530791351749435125e+04 1.530812500559607543e+04
1.530854799056507363e+04 1.530875948743242770e+04
1.530918248993304951e+04 1.530939399556639546e+04
1.531045156756515098e+04 1.531087461682031972e+04
1.531193229110026732e+04 1.531235538126990468e+04
1.531679853393135090e+04 1.531701014478496108e+04
1.531870313686442933e+04 1.531912641412203266e+04
1.531933805713671973e+04 1.531954970307538315e+04
1.532484180195251247e+04 1.532505352392874374e+04
1.533352480196425313e+04 1.533373664390139311e+04
1.533394848876525612e+04 1.533416033655588581e+04
1.533818600071703986e+04 1.533839790705146515e+04
1.536681985236343462e+04 1.536703215429190277e+04
1.537403976363064066e+04 1.537425216530652870e+04
1.538955280024788408e+04 1.538976541624577294e+04
1.539040328186414445e+04 1.539082854029733971e+04
1.539742154880613271e+04 1.539827246527752322e+04
1.540082549685008416e+04 1.540125104326370092e+04
1.540210217136662322e+04 1.540252775305654723e+04
1.540274054831127251e+04 1.540316614764044607e+04
1.540593282994235778e+04 1.540614567224028360e+04
1.540635851747875313e+04 1.540657136565781002e+04
1.540870000918953519e+04 1.540955154894890075e+04
1.541040313576736298e+04 1.541061603982527231e+04
1.542105194267276784e+04 1.542126499385039642e+04
1.542446111474937425e+04 1.542488731424827165e+04
1.546991758395428405e+04 1.547013131024036011e+04
1.547119998596295773e+04 1.547141372996619430e+04
1.547184122683171699e+04 1.547205497969408498e+04
1.547526162702752117e+04 1.547568923021583760e+04
1.547675828987917521e+04 1.547718593442238671e+04
1.549023477084515798e+04 1.549044877782548247e+04
1.549066278776244326e+04 1.549087680065608220e+04
1.549109081650643748e+04 1.549130483531355094e+04
1.549344518601543859e+04 1.549365923734959506e+04
1.551657982543262005e+04 1.551679419638583931e+04
1.551722294717731165e+04 1.551743732701564659e+04
1.552558595593090286e+04 1.552601494965102574e+04
1.552944732617268528e+04 1.552966187489822369e+04
1.553309505765513677e+04 1.553395347192884219e+04
1.553695829548645997e+04 1.553781692325647600e+04
1.554275495385744944e+04 1.554296968643593027e+04
1.554533194060786263e+04 1.554554670878897559e+04
1.557177070184125296e+04 1.557220097171069392e+04
1.557736513757687862e+04 1.557779556202842832e+04
1.559674601686043752e+04 1.559696149535817131e+04
1.560407395610751519e+04 1.560428953584516967e+04
1.560644549703859775e+04 1.560687672502127498e+04
1.561399370727192581e+04 1.561485659229375233e+04
1.561722977199321940e+04 1.561744553348644331e+04
1.562025070417303687e+04 1.562046650740229961e+04
1.562240887063569062e+04 1.562262470368130016e+04
1.562348806568279542e+04 1.562391976457555211e+04
1.562478319814676433e+04 1.562499906399514839e+04
1.562758968680829639e+04 1.562866923974589554e+04
1.562996480171102485e+04 1.563018073914640081e+04
1.563320417650764102e+04 1.563342015869694478e+04
1.563774042916206781e+04 1.563817252186762016e+04
1.564660071640576462e+04 1.564681688367638344e+04
1.565114085630486443e+04 1.565135708630026784e+04
1.565416834810427099e+04 1.565438461992630801e+04
1.566217239579938905e+04 1.566260516359445501e+04
1.566736639863971322e+04 1.566823223322696322e+04
1.566844869935009592e+04 1.566866516846383820e+04
1.568274207769689201e+04 1.568360876199904669e+04
1.568512557477932023e+04 1.568534227429420389e+04
1.572613501740121137e+04 1.572635228348639612e+04
1.572895971065015692e+04 1.572939432387245688e+04
1.573265430584840760e+04 1.573287166200151114e+04
1.573917629687460976e+04 1.573939374313297412e+04
1.574091595106012574e+04 1.574156837095183801e+04
1.574243830620492008e+04 1.574374329922736251e+04
1.574722380952176536e+04 1.574765892740670824e+04
1.574852919924567686e+04 1.574939951917900726e+04
1.575549310557659010e+04 1.575571077726155454e+04
1.575810536428489650e+04 1.575854078284246316e+04
1.575897621343125502e+04 1.575919393323746408e+04
1.576202456445506868e+04 1.576224232637609566e+04
1.576246009130563471e+04 1.576289563019041634e+04
1.576463790607840929e+04 1.576507350513926940e+04
1.577618534884464134e+04 1.577640330640548382e+04
1.577727516676143205e+04 1.577771111500753250e+04
1.579232234433848134e+04 1.579275870835920796e+04
1.579406787276682007e+04 1.579537714569957825e+04
1.579668652716651195e+04 1.579886907082276593e+04
1.579996045572971343e+04 1.580214345172715912e+04
1.586667770001391909e+04 1.586733533240196266e+04
1.586952763722562486e+04 1.587172024494834841e+04
1.587391315561191550e+04 1.587808052062478600e+04
1.587917737745379782e+04 1.588137131842946474e+04
1.590069107446567068e+04 1.590135011661933095e+04
1.590794204069958869e+04 1.590816181855897412e+04
1.591255801343901112e+04 1.591299769973994808e+04
1.592091413098673729e+04 1.592113408806341067e+04
1.592289385407860755e+04 1.592311383850635502e+04
1.593191570822289032e+04 1.593213581729301950e+04
1.593896070698184667e+04 1.593940112282624432e+04
1.595063583949130407e+04 1.595085620719139115e+04
1.595151732855890259e+04 1.595173770843729653e+04
1.595592550466425382e+04 1.595658683614091569e+04
1.597048113071808984e+04 1.597070177259290176e+04
1.597643953141496422e+04 1.597688098285189153e+04
1.597886766527207692e+04 1.597952994764143114e+04
1.598085459473094124e+04 1.598107537992144353e+04
1.599344422007182584e+04 1.599366517919563375e+04
1.599830602603061197e+04 1.599852705232321387e+04
1.600272713211710106e+04 1.600316930991728077e+04
1.602175181454010817e+04 1.602197316475048683e+04
1.603459518306435348e+04 1.603481671071365236e+04
1.603636748995622111e+04 1.603703215554326925e+04
1.603725371686081780e+04 1.603747528123937082e+04
1.603991269144180660e+04 1.604057750396823758e+04
1.605144000991972280e+04 1.605166177029051141e+04
1.605410133658628911e+04 1.605432313372491808e+04
1.606208796436429293e+04 1.606341945522432616e+04
1.607030058322024888e+04 1.607074462816967934e+04
1.607740677495125419e+04 1.607785101625472998e+04
1.608296067359644621e+04 1.608340506836193526e+04
1.608473832633529128e+04 1.608496054674250081e+04
1.608607169483103462e+04 1.608651617555840312e+04
1.608762743110968040e+04 1.608807195482425777e+04
1.609029475764597373e+04 1.609051705481864883e+04
1.609229554276576346e+04 1.609251786758049639e+04
1.609474128467019182e+04 1.609496364327433002e+04
1.613147204998644338e+04 1.613214065740937076e+04
1.613414664595484646e+04 1.613459245506055595e+04
1.614975729629001216e+04 1.614998041497369013e+04
1.615176547541741638e+04 1.615198862184534119e+04
1.615332756515514302e+04 1.615355073316424932e+04
1.615622898977545265e+04 1.615667540904730049e+04
1.615890769044122135e+04 1.615913093554314037e+04
1.616426642423112571e+04 1.616448974336719948e+04
1.616471306558856304e+04 1.616605306371020379e+04
1.616627640752978550e+04 1.616649975443499716e+04
1.617052052642020499e+04 1.617119075230055569e+04
1.617141416710041813e+04 1.617163758498689094e+04
1.617230785716643550e+04 1.617253128739977910e+04
1.617387193362463768e+04 1.617431884039577562e+04
1.617498922370632681e+04 1.617543616134975673e+04
1.617588311134270043e+04 1.617610659097037933e+04
1.617677704837852798e+04 1.617722403542206121e+04
1.618080037643067772e+04 1.618102392399332166e+04
1.618706087575674610e+04 1.618750814695685767e+04
1.620966352513358834e+04 1.620988747145812340e+04
1.621324703762459831e+04 1.621347103345752839e+04
1.621548713521774880e+04 1.621571116199898461e+04
1.622803740255383127e+04 1.622826160272464767e+04
1.623745647713232574e+04 1.623768080743333485e+04
1.624127051377783937e+04 1.624149489677207384e+04
1.624486101370806682e+04 1.624508544630723372e+04
1.626552179762736705e+04 1.626574651566778448e+04
1.626597123681281846e+04 1.626619596106251083e+04
1.627563718362470536e+04 1.627586204141531016e+04
1.627608690231246328e+04 1.627631176631620292e+04
1.627721125339795617e+04 1.627833568215352170e+04
1.628260921987065740e+04 1.628283417398416714e+04
1.628395899117074259e+04 1.628440893980171495e+04
1.629183488744190618e+04 1.629228505369494269e+04
1.629273523238673806e+04 1.629296032639724763e+04
1.629836351569139515e+04 1.629881386233958801e+04
1.630557055550028599e+04 1.630579582683856279e+04
1.630872463746747962e+04 1.630894995238134470e+04
1.631075258375863632e+04 1.631165397416285487e+04
1.631909234596896749e+04 1.631931780411897489e+04
1.631954326538382156e+04 1.631976872976355298e+04
1.632405314486368115e+04 1.632495527030441190e+04
1.633014345916533421e+04 1.633059468393794850e+04
1.633939605946487427e+04 1.633962179812298746e+04
1.634526627827071206e+04 1.634549209802945370e+04
1.635588318017427628e+04 1.635610914661195056e+04
1.636311565483810227e+04 1.636334172119679897e+04
1.636401993901252172e+04 1.636447209983979883e+04
1.636515036450676780e+04 1.636537645897621042e+04
1.636582865728607067e+04 1.636605476112653923e+04
1.637442279959246298e+04 1.637464902216621704e+04
1.637532770864005943e+04 1.637555394371568036e+04
1.637736393684495488e+04 1.637759020005230013e+04
1.638256878155920094e+04 1.638302145491701958e+04
1.638981305643789892e+04 1.639003949163737707e+04
1.639026592996519321e+04 1.639049237142139100e+04
1.639071881600601773e+04 1.639094526371911343e+04
1.639502185757235929e+04 1.639547487502613876e+04
1.639660747342543618e+04 1.639706053469200197e+04
1.639751360847728938e+04 1.639819324262860755e+04
1.642018326675492790e+04 1.642086384050439301e+04
1.642290573100553229e+04 1.642517479601855666e+04
1.648268655907329958e+04 1.648336972342113586e+04
1.648428065326462820e+04 1.648473613706414835e+04
1.648610266397803935e+04 1.649043074658542173e+04
1.649202558974229760e+04 1.649703895816884324e+04
1.650364981786136923e+04 1.650410583685811434e+04
1.650866671990714894e+04 1.650912287752789780e+04
1.651163196975278333e+04 1.651186008795437010e+04
1.651277259227709874e+04 1.651300072623707456e+04
1.651322886334886425e+04 1.651345700361250056e+04
1.651984621082333979e+04 1.652075915648771843e+04
1.653171844056309055e+04 1.653194683627144332e+04
1.653263204232926000e+04 1.653286045065957660e+04
1.653834319736729958e+04 1.653857168460068351e+04
1.654451346079428913e+04 1.654497060891081492e+04
1.654771376288648753e+04 1.654817099943181529e+04
1.654977142683621787e+04 1.655068602627481232e+04
1.655548850263036729e+04 1.655594595400265825e+04
1.655731838396110470e+04 1.655777588589558582e+04
1.655937724221974349e+04 1.655960602005120018e+04
1.656280924158548805e+04 1.656349572680944038e+04
1.656509763631800524e+04 1.656532649318017502e+04
1.656738634722581264e+04 1.656761523570790814e+04
1.656967537435255872e+04 1.656990429445895279e+04
1.657173576916990351e+04 1.657196471774189922e+04
1.657425437743760267e+04 1.657448336080570152e+04
1.657906369257005281e+04 1.657929274238175640e+04
1.658043803890806157e+04 1.658066710770718782e+04
1.658960325979021218e+04 1.659029085555633355e+04
1.659235381385363144e+04 1.659281228386619114e+04
1.659304152362301102e+04 1.659327076654691700e+04
1.660152562145617776e+04 1.660198434489864303e+04
1.660657227651566427e+04 1.660680170637512128e+04
1.660749001497194331e+04 1.660771945751051680e+04
1.661414513572497162e+04 1.661437467020806798e+04
1.661575194370253303e+04 1.661598150038465610e+04
1.663872331775246494e+04 1.663918306901946562e+04
1.664240168360819007e+04 1.664263160847262043e+04
1.664286153651359928e+04 1.664355133969628514e+04
1.664792075717155240e+04 1.664815075828532645e+04
1.665183120828985921e+04 1.665229132174626284e+04
1.666771247159580162e+04 1.666817302387379095e+04
1.666840330478493706e+04 1.666863358887751747e+04
1.668268693643136066e+04 1.668337839027295195e+04
1.668660555382139137e+04 1.668706662814174706e+04
1.668729717007945146e+04 1.668752771520223178e+04
1.669121687037308220e+04 1.669190867775817969e+04
1.669836692955026592e+04 1.669928974090670454e+04
1.671359984002384954e+04 1.671383074853399012e+04
1.671406166023423430e+04 1.671452349320532812e+04
1.671544719743114183e+04 1.671567813146361004e+04
1.671590906868657112e+04 1.671614000910006871e+04
1.671660189949885535e+04 1.671683284948423170e+04
1.671775668133331783e+04 1.671798764727270463e+04
1.671983548966517992e+04 1.672052848321736747e+04
1.673508798460808248e+04 1.673531918998992842e+04
1.673647526481366731e+04 1.673670648936162979e+04
1.673878765405143713e+04 1.673901891054645603e+04
1.674017524094666805e+04 1.674063779547262675e+04
1.674457002501307943e+04 1.674480136139506067e+04
1.676146598287007146e+04 1.676169755267994697e+04
1.676331863093131324e+04 1.676355022633664339e+04
1.676378182494163775e+04 1.676424503175063364e+04
1.676980451188594452e+04 1.677003619689765037e+04
1.677073127113816008e+04 1.677096296895360865e+04
1.677165808160640154e+04 1.677212150604744966e+04
1.677536583569625145e+04 1.677559759754101469e+04
1.677861079291476199e+04 1.677884259959057817e+04
1.678440692067690179e+04 1.678463880742973561e+04
1.678695785116645129e+04 1.678718977316193559e+04
1.679345287835111594e+04 1.679368489007933385e+04
1.679530906193007104e+04 1.679554109930259074e+04
1.679577313988085007e+04 1.679600518366488905e+04
1.682619818941823178e+04 1.682666312087893675e+04
1.682922047355724499e+04 1.682945297943646801e+04
1.682968548852789900e+04 1.683015051634757037e+04
1.683061555701664838e+04 1.683084808216979218e+04
1.683387120151215640e+04 1.683433634498895117e+04
1.683852321468824448e+04 1.683875584909051031e+04
1.684736558177930419e+04 1.684759833834419260e+04
1.684946050663126152e+04 1.684969329213880701e+04
1.685271979641573125e+04 1.685295262695234123e+04
1.687392055301363507e+04 1.687438680311019198e+04
1.688464756530060549e+04 1.688488083693868975e+04
1.688814697828496719e+04 1.688838029826956335e+04
1.689864956944626829e+04 1.689888303453052504e+04
1.689911650284024290e+04 1.689934997437546554e+04
1.691219587739653434e+04 1.691336417085100038e+04
1.691570099988245784e+04 1.691593470054255886e+04
1.691897310295331772e+04 1.691920684881950365e+04
1.692388244436419336e+04 1.692505154512598892e+04
1.693674699554219114e+04 1.694049124626778575e+04
1.694025720634881145e+04 1.694072528942016288e+04
1.694049124626778575e+04 1.694095933580598648e+04
1.694072528942016288e+04 1.694681154645291826e+04
